8621 0
8622 0
8623 0
8624 0
8625 0
8626 0
8627 0
8628 0
8629 0
8630 0
8631 0
8632 0
8633 0
8634 0
8635 0
8636 0
8637 0
8638 0
8639 0
8640 0
8641 0
8642 0
8643 0
8644 0
8645 0
8646 0
8647 0
8648 0
8649 0
8650 0
8651 0
8652 0
8589 0
8590 0
8591 0
8592 0
8593 0
8594 0
8595 0
8596 0
8597 0
8598 0
8599 0
8600 0
8601 0
8602 0
8603 0
8604 0
8605 0
8606 0
8607 0
8608 0
8609 0
8610 0
8611 0
8612 0
8613 0
8614 0
8615 0
8616 0
8617 0
8618 0
8619 0
8620 0
8581 0
8582 0
8583 0
8584 0
8585 0
8586 0
8587 0
8588 0
11516 0
11517 0
11518 0
11519 0
11520 0
11521 0
11522 0
11523 0
11524 0
11525 0
11526 0
11527 0
11528 0
11529 0
11530 0
11531 0
11532 0
11533 0
11534 0
11535 0
11536 0
11537 0
11538 0
11539 0
11540 0
11541 0
11542 0
11543 0
11544 0
11545 0
11546 0
11547 0
9086 0
9087 0
9088 0
9089 0
9090 0
9091 0
9092 0
9093 0
11146 0
11147 0
11148 0
11149 0
11150 0
11151 0
11152 0
11153 0
11154 0
11155 0
11156 0
11157 0
11158 0
11159 0
11160 0
11161 0
11162 0
11163 0
11164 0
11165 0
11166 0
11167 0
11168 0
11169 0
11170 0
11171 0
11172 0
11173 0
11174 0
11175 0
11176 0
11177 0
11010 0
11011 0
11012 0
11013 0
11014 0
11015 0
11016 0
11017 0
10970 0
10971 0
10972 0
10973 0
10974 0
10975 0
10976 0
10977 0
8621 0
8622 0
8623 0
8624 0
8625 0
8626 0
8627 0
8628 0
8629 0
8630 0
8631 0
8632 0
8633 0
8634 0
8635 0
8636 0
8637 0
8638 0
8639 0
8640 0
8641 0
8642 0
8643 0
8644 0
8645 0
8646 0
8647 0
8648 0
8649 0
8650 0
8651 0
8652 0
8589 0
8590 0
8591 0
8592 0
8593 0
8594 0
8595 0
8596 0
8597 0
8598 0
8599 0
8600 0
8601 0
8602 0
8603 0
8604 0
8605 0
8606 0
8607 0
8608 0
8609 0
8610 0
8611 0
8612 0
8613 0
8614 0
8615 0
8616 0
8617 0
8618 0
8619 0
8620 0
8581 0
8582 0
8583 0
8584 0
8585 0
8586 0
8587 0
8588 0
11516 0
11517 0
11518 0
11519 0
11520 0
11521 0
11522 0
11523 0
11524 0
11525 0
11526 0
11527 0
11528 0
11529 0
11530 0
11531 0
11532 0
11533 0
11534 0
11535 0
11536 0
11537 0
11538 0
11539 0
11540 0
11541 0
11542 0
11543 0
11544 0
11545 0
11546 0
11547 0
9086 0
9087 0
9088 0
9089 0
9090 0
9091 0
9092 0
9093 0
11146 0
11147 0
11148 0
11149 0
11150 0
11151 0
11152 0
11153 0
11154 0
11155 0
11156 0
11157 0
11158 0
11159 0
11160 0
11161 0
11162 0
11163 0
11164 0
11165 0
11166 0
11167 0
11168 0
11169 0
11170 0
11171 0
11172 0
11173 0
11174 0
11175 0
11176 0
11177 0
10970 0
10971 0
10972 0
10973 0
10974 0
10975 0
10976 0
10977 0
11010 0
11011 0
11012 0
11013 0
11014 0
11015 0
11016 0
11017 0
11010 0
11011 0
11012 0
11013 0
11014 0
11015 0
11016 0
11017 0
10970 0
10971 0
10972 0
10973 0
10974 0
10975 0
10976 0
10977 0
8621 0
8622 0
8623 0
8624 0
8625 0
8626 0
8627 0
8628 0
8629 0
8630 0
8631 0
8632 0
8633 0
8634 0
8635 0
8636 0
8637 0
8638 0
8639 0
8640 0
8641 0
8642 0
8643 0
8644 0
8645 0
8646 0
8647 0
8648 0
8649 0
8650 0
8651 0
8652 0
8589 0
8590 0
8591 0
8592 0
8593 0
8594 0
8595 0
8596 0
8597 0
8598 0
8599 0
8600 0
8601 0
8602 0
8603 0
8604 0
8605 0
8606 0
8607 0
8608 0
8609 0
8610 0
8611 0
8612 0
8613 0
8614 0
8615 0
8616 0
8617 0
8618 0
8619 0
8620 0
8581 0
8582 0
8583 0
8584 0
8585 0
8586 0
8587 0
8588 0
11516 0
11517 0
11518 0
11519 0
11520 0
11521 0
11522 0
11523 0
11524 0
11525 0
11526 0
11527 0
11528 0
11529 0
11530 0
11531 0
11532 0
11533 0
11534 0
11535 0
11536 0
11537 0
11538 0
11539 0
11540 0
11541 0
11542 0
11543 0
11544 0
11545 0
11546 0
11547 0
11010 0
11011 0
11012 0
11013 0
11014 0
11015 0
11016 0
11017 0
10970 0
10971 0
10972 0
10973 0
10974 0
10975 0
10976 0
10977 0
8621 0
8622 0
8623 0
8624 0
8625 0
8626 0
8627 0
8628 0
8629 0
8630 0
8631 0
8632 0
8633 0
8634 0
8635 0
8636 0
8637 0
8638 0
8639 0
8640 0
8641 0
8642 0
8643 0
8644 0
8645 0
8646 0
8647 0
8648 0
8649 0
8650 0
8651 0
8652 0
8589 0
8590 0
8591 0
8592 0
8593 0
8594 0
8595 0
8596 0
8597 0
8598 0
8599 0
8600 0
8601 0
8602 0
8603 0
8604 0
8605 0
8606 0
8607 0
8608 0
8609 0
8610 0
8611 0
8612 0
8613 0
8614 0
8615 0
8616 0
8617 0
8618 0
8619 0
8620 0
8581 0
8582 0
8583 0
8584 0
8585 0
8586 0
8587 0
8588 0
10505 0
10506 0
10507 0
10508 0
10509 0
10510 0
10511 0
10512 0
10513 0
10514 0
10515 0
10516 0
10517 0
10518 0
10519 0
10520 0
10521 0
10522 0
10523 0
10524 0
10525 0
10526 0
10527 0
10528 0
10529 0
10530 0
10531 0
10532 0
10533 0
10534 0
10535 0
10536 0
9086 0
9087 0
9088 0
9089 0
9090 0
9091 0
9092 0
9093 0
10136 0
10137 0
10138 0
10139 0
10140 0
10141 0
10142 0
10143 0
10144 0
10145 0
10146 0
10147 0
10148 0
10149 0
10150 0
10151 0
10152 0
10153 0
10154 0
10155 0
10156 0
10157 0
10158 0
10159 0
10160 0
10161 0
10162 0
10163 0
10164 0
10165 0
10166 0
10167 0
9952 0
9953 0
9954 0
9955 0
9956 0
9957 0
9958 0
9959 0
9912 0
9913 0
9914 0
9915 0
9916 0
9917 0
9918 0
9919 0
8621 0
8622 0
8623 0
8624 0
8625 0
8626 0
8627 0
8628 0
8629 0
8630 0
8631 0
8632 0
8633 0
8634 0
8635 0
8636 0
8637 0
8638 0
8639 0
8640 0
8641 0
8642 0
8643 0
8644 0
8645 0
8646 0
8647 0
8648 0
8649 0
8650 0
8651 0
8652 0
8589 0
8590 0
8591 0
8592 0
8593 0
8594 0
8595 0
8596 0
8597 0
8598 0
8599 0
8600 0
8601 0
8602 0
8603 0
8604 0
8605 0
8606 0
8607 0
8608 0
8609 0
8610 0
8611 0
8612 0
8613 0
8614 0
8615 0
8616 0
8617 0
8618 0
8619 0
8620 0
8581 0
8582 0
8583 0
8584 0
8585 0
8586 0
8587 0
8588 0
9086 0
9087 0
9088 0
9089 0
9090 0
9091 0
9092 0
9093 0
8621 0
8622 0
8623 0
8624 0
8625 0
8626 0
8627 0
8628 0
8629 0
8630 0
8631 0
8632 0
8633 0
8634 0
8635 0
8636 0
8637 0
8638 0
8639 0
8640 0
8641 0
8642 0
8643 0
8644 0
8645 0
8646 0
8647 0
8648 0
8649 0
8650 0
8651 0
8652 0
8589 0
8590 0
8591 0
8592 0
8593 0
8594 0
8595 0
8596 0
8597 0
8598 0
8599 0
8600 0
8601 0
8602 0
8603 0
8604 0
8605 0
8606 0
8607 0
8608 0
8609 0
8610 0
8611 0
8612 0
8613 0
8614 0
8615 0
8616 0
8617 0
8618 0
8619 0
8620 0
8581 0
8582 0
8583 0
8584 0
8585 0
8586 0
8587 0
8588 0
8333 0
8334 0
8335 0
8336 0
8337 0
8338 0
8339 0
8340 0
7548 0
7549 0
7550 0
7551 0
7552 0
7553 0
7554 0
7555 0
7556 0
7557 0
7558 0
7559 0
7560 0
7561 0
7562 0
7563 0
7564 0
7565 0
7566 0
7567 0
7568 0
7569 0
7570 0
7571 0
7572 0
7573 0
7574 0
7575 0
7576 0
7577 0
7578 0
7579 0
7516 0
7517 0
7518 0
7519 0
7520 0
7521 0
7522 0
7523 0
7524 0
7525 0
7526 0
7527 0
7528 0
7529 0
7530 0
7531 0
7532 0
7533 0
7534 0
7535 0
7536 0
7537 0
7538 0
7539 0
7540 0
7541 0
7542 0
7543 0
7544 0
7545 0
7546 0
7547 0
7508 0
7509 0
7510 0
7511 0
7512 0
7513 0
7514 0
7515 0
6997 0
6998 0
6999 0
7000 0
7001 0
7002 0
7003 0
7004 0
6997 0
6998 0
6999 0
7000 0
7001 0
7002 0
7003 0
7004 0
2713 0
-2714 0
-2715 0
-2716 0
-2717 0
-2718 0
-2719 0
-2720 0
-2721 0
-2722 0
-2723 0
-2724 0
-2725 0
-2726 0
-2727 0
-2728 0
-2729 0
-2730 0
-2731 0
-2732 0
-2733 0
-2734 0
-2735 0
-2736 0
-2737 0
-2738 0
-2739 0
-2740 0
-2741 0
-2742 0
-2743 0
-2744 0
1552 0
-1553 0
-1554 0
-1555 0
-1556 0
-1557 0
-1558 0
-1559 0
3730 0
3731 0
3732 0
3733 0
3734 0
3735 0
3736 0
3737 0
11516 0
11517 0
11518 0
11519 0
11520 0
11521 0
11522 0
11523 0
11524 0
11525 0
11526 0
11527 0
11528 0
11529 0
11530 0
11531 0
11532 0
11533 0
11534 0
11535 0
11536 0
11537 0
11538 0
11539 0
11540 0
11541 0
11542 0
11543 0
11544 0
11545 0
11546 0
11547 0
11146 0
11147 0
11148 0
11149 0
11150 0
11151 0
11152 0
11153 0
11154 0
11155 0
11156 0
11157 0
11158 0
11159 0
11160 0
11161 0
11162 0
11163 0
11164 0
11165 0
11166 0
11167 0
11168 0
11169 0
11170 0
11171 0
11172 0
11173 0
11174 0
11175 0
11176 0
11177 0
178 0
179 0
180 0
181 0
182 0
183 0
184 0
185 0
6533 0
6534 0
6535 0
6536 0
6537 0
6538 0
6539 0
6540 0
6541 0
6542 0
6543 0
6544 0
6545 0
6546 0
6547 0
6548 0
6549 0
6550 0
6551 0
6552 0
6553 0
6554 0
6555 0
6556 0
6557 0
6558 0
6559 0
6560 0
6561 0
6562 0
6563 0
6564 0
3802 0
3803 0
3804 0
3805 0
3806 0
3807 0
3808 0
3809 0
3810 0
3811 0
3812 0
3813 0
3814 0
3815 0
3816 0
3817 0
3818 0
3819 0
3820 0
3821 0
3822 0
3823 0
3824 0
3825 0
3826 0
3827 0
3828 0
3829 0
3830 0
3831 0
3832 0
3833 0
11146 0
11147 0
11148 0
11149 0
11150 0
11151 0
11152 0
11153 0
11154 0
11155 0
11156 0
11157 0
11158 0
11159 0
11160 0
11161 0
11162 0
11163 0
11164 0
11165 0
11166 0
11167 0
11168 0
11169 0
11170 0
11171 0
11172 0
11173 0
11174 0
11175 0
11176 0
11177 0
6501 0
6502 0
6503 0
6504 0
6505 0
6506 0
6507 0
6508 0
6509 0
6510 0
6511 0
6512 0
6513 0
6514 0
6515 0
6516 0
6517 0
6518 0
6519 0
6520 0
6521 0
6522 0
6523 0
6524 0
6525 0
6526 0
6527 0
6528 0
6529 0
6530 0
6531 0
6532 0
-4697 0
-4698 0
-4699 0
-4700 0
-4701 0
-4702 0
-4703 0
-4704 0
-4705 0
-4706 0
-4707 0
-4708 0
-4709 0
-4710 0
-4711 0
-4712 0
-4713 0
-4714 0
-4715 0
-4716 0
-4717 0
-4718 0
-4719 0
-4720 0
-4721 0
-4722 0
-4723 0
-4724 0
-4725 0
-4726 0
-4727 0
-4728 0
-5595 0
-5596 0
-5597 0
-5598 0
-5599 0
-5600 0
-5601 0
-5602 0
-5603 0
-5604 0
-5605 0
-5606 0
-5607 0
-5608 0
-5609 0
-5610 0
-5611 0
-5612 0
-5613 0
-5614 0
-5615 0
-5616 0
-5617 0
-5618 0
-5619 0
-5620 0
-5621 0
-5622 0
-5623 0
-5624 0
-5625 0
-5626 0
-5697 0
-5698 0
-5699 0
-5700 0
-5701 0
-5702 0
-5703 0
-5704 0
2814 0
2815 0
2816 0
2817 0
2818 0
2819 0
2820 0
2821 0
6493 0
6494 0
6495 0
6496 0
6497 0
6498 0
6499 0
6500 0
-1816 0
-1817 0
-1818 0
-1819 0
-1820 0
-1821 0
-1822 0
-1823 0
-1824 0
-1825 0
-1826 0
-1827 0
-1828 0
-1829 0
-1830 0
-1831 0
-1832 0
-1833 0
-1834 0
-1835 0
-1836 0
-1837 0
-1838 0
-1839 0
-1840 0
-1841 0
-1842 0
-1843 0
-1844 0
-1845 0
-1846 0
-1847 0
6533 0
6534 0
6535 0
6536 0
6537 0
6538 0
6539 0
6540 0
6541 0
6542 0
6543 0
6544 0
6545 0
6546 0
6547 0
6548 0
6549 0
6550 0
6551 0
6552 0
6553 0
6554 0
6555 0
6556 0
6557 0
6558 0
6559 0
6560 0
6561 0
6562 0
6563 0
6564 0
9086 0
9087 0
9088 0
9089 0
9090 0
9091 0
9092 0
9093 0
1917 0
1918 0
1919 0
1920 0
1921 0
1922 0
1923 0
1924 0
3658 0
3659 0
3660 0
3661 0
3662 0
3663 0
3664 0
3665 0
3658 0
3659 0
3660 0
3661 0
3662 0
3663 0
3664 0
3665 0
3730 0
3731 0
3732 0
3733 0
3734 0
3735 0
3736 0
3737 0
9086 0
9087 0
9088 0
9089 0
9090 0
9091 0
9092 0
9093 0
-4433 0
-4434 0
-4435 0
-4436 0
-4437 0
-4438 0
-4439 0
-4440 0
3802 0
3803 0
3804 0
3805 0
3806 0
3807 0
3808 0
3809 0
3810 0
3811 0
3812 0
3813 0
3814 0
3815 0
3816 0
3817 0
3818 0
3819 0
3820 0
3821 0
3822 0
3823 0
3824 0
3825 0
3826 0
3827 0
3828 0
3829 0
3830 0
3831 0
3832 0
3833 0
4314 0
4315 0
4316 0
4317 0
4318 0
4319 0
4320 0
4321 0
4322 0
4323 0
4324 0
4325 0
4326 0
4327 0
4328 0
4329 0
4330 0
4331 0
4332 0
4333 0
4334 0
4335 0
4336 0
4337 0
4338 0
4339 0
4340 0
4341 0
4342 0
4343 0
4344 0
4345 0
4314 0
4315 0
4316 0
4317 0
4318 0
4319 0
4320 0
4321 0
4322 0
4323 0
4324 0
4325 0
4326 0
4327 0
4328 0
4329 0
4330 0
4331 0
4332 0
4333 0
4334 0
4335 0
4336 0
4337 0
4338 0
4339 0
4340 0
4341 0
4342 0
4343 0
4344 0
4345 0
4799 0
4800 0
4801 0
4802 0
4803 0
4804 0
4805 0
4806 0
6493 0
6494 0
6495 0
6496 0
6497 0
6498 0
6499 0
6500 0
6501 0
6502 0
6503 0
6504 0
6505 0
6506 0
6507 0
6508 0
6509 0
6510 0
6511 0
6512 0
6513 0
6514 0
6515 0
6516 0
6517 0
6518 0
6519 0
6520 0
6521 0
6522 0
6523 0
6524 0
6525 0
6526 0
6527 0
6528 0
6529 0
6530 0
6531 0
6532 0
