21476 0
21477 0
21478 0
21479 0
21480 0
21481 0
21482 0
21483 0
21380 0
21381 0
21382 0
21383 0
21384 0
21385 0
21386 0
21387 0
21388 0
21389 0
21390 0
21391 0
21392 0
21393 0
21394 0
21395 0
21396 0
21397 0
21398 0
21399 0
21400 0
21401 0
21402 0
21403 0
21404 0
21405 0
21406 0
21407 0
21408 0
21409 0
21410 0
21411 0
16831 0
16832 0
16833 0
16834 0
16835 0
16836 0
16837 0
16838 0
20442 0
20443 0
20444 0
20445 0
20446 0
20447 0
20448 0
20449 0
20580 0
20581 0
20582 0
20583 0
20584 0
20585 0
20586 0
20587 0
20588 0
20589 0
20590 0
20591 0
20592 0
20593 0
20594 0
20595 0
20596 0
20597 0
20598 0
20599 0
20600 0
20601 0
20602 0
20603 0
20604 0
20605 0
20606 0
20607 0
20608 0
20609 0
20610 0
20611 0
16157 0
16158 0
16159 0
16160 0
16161 0
16162 0
16163 0
16164 0
16165 0
16166 0
16167 0
16168 0
16169 0
16170 0
16171 0
16172 0
16173 0
16174 0
16175 0
16176 0
16177 0
16178 0
16179 0
16180 0
16181 0
16182 0
16183 0
16184 0
16185 0
16186 0
16187 0
16188 0
16125 0
16126 0
16127 0
16128 0
16129 0
16130 0
16131 0
16132 0
16133 0
16134 0
16135 0
16136 0
16137 0
16138 0
16139 0
16140 0
16141 0
16142 0
16143 0
16144 0
16145 0
16146 0
16147 0
16148 0
16149 0
16150 0
16151 0
16152 0
16153 0
16154 0
16155 0
16156 0
16117 0
16118 0
16119 0
16120 0
16121 0
16122 0
16123 0
16124 0
21476 0
21477 0
21478 0
21479 0
21480 0
21481 0
21482 0
21483 0
21380 0
21381 0
21382 0
21383 0
21384 0
21385 0
21386 0
21387 0
21388 0
21389 0
21390 0
21391 0
21392 0
21393 0
21394 0
21395 0
21396 0
21397 0
21398 0
21399 0
21400 0
21401 0
21402 0
21403 0
21404 0
21405 0
21406 0
21407 0
21408 0
21409 0
21410 0
21411 0
16831 0
16832 0
16833 0
16834 0
16835 0
16836 0
16837 0
16838 0
20580 0
20581 0
20582 0
20583 0
20584 0
20585 0
20586 0
20587 0
20588 0
20589 0
20590 0
20591 0
20592 0
20593 0
20594 0
20595 0
20596 0
20597 0
20598 0
20599 0
20600 0
20601 0
20602 0
20603 0
20604 0
20605 0
20606 0
20607 0
20608 0
20609 0
20610 0
20611 0
20442 0
20443 0
20444 0
20445 0
20446 0
20447 0
20448 0
20449 0
16157 0
16158 0
16159 0
16160 0
16161 0
16162 0
16163 0
16164 0
16165 0
16166 0
16167 0
16168 0
16169 0
16170 0
16171 0
16172 0
16173 0
16174 0
16175 0
16176 0
16177 0
16178 0
16179 0
16180 0
16181 0
16182 0
16183 0
16184 0
16185 0
16186 0
16187 0
16188 0
16125 0
16126 0
16127 0
16128 0
16129 0
16130 0
16131 0
16132 0
16133 0
16134 0
16135 0
16136 0
16137 0
16138 0
16139 0
16140 0
16141 0
16142 0
16143 0
16144 0
16145 0
16146 0
16147 0
16148 0
16149 0
16150 0
16151 0
16152 0
16153 0
16154 0
16155 0
16156 0
16117 0
16118 0
16119 0
16120 0
16121 0
16122 0
16123 0
16124 0
21476 0
21477 0
21478 0
21479 0
21480 0
21481 0
21482 0
21483 0
21380 0
21381 0
21382 0
21383 0
21384 0
21385 0
21386 0
21387 0
21388 0
21389 0
21390 0
21391 0
21392 0
21393 0
21394 0
21395 0
21396 0
21397 0
21398 0
21399 0
21400 0
21401 0
21402 0
21403 0
21404 0
21405 0
21406 0
21407 0
21408 0
21409 0
21410 0
21411 0
16831 0
16832 0
16833 0
16834 0
16835 0
16836 0
16837 0
16838 0
20580 0
20581 0
20582 0
20583 0
20584 0
20585 0
20586 0
20587 0
20588 0
20589 0
20590 0
20591 0
20592 0
20593 0
20594 0
20595 0
20596 0
20597 0
20598 0
20599 0
20600 0
20601 0
20602 0
20603 0
20604 0
20605 0
20606 0
20607 0
20608 0
20609 0
20610 0
20611 0
20442 0
20443 0
20444 0
20445 0
20446 0
20447 0
20448 0
20449 0
16157 0
16158 0
16159 0
16160 0
16161 0
16162 0
16163 0
16164 0
16165 0
16166 0
16167 0
16168 0
16169 0
16170 0
16171 0
16172 0
16173 0
16174 0
16175 0
16176 0
16177 0
16178 0
16179 0
16180 0
16181 0
16182 0
16183 0
16184 0
16185 0
16186 0
16187 0
16188 0
16125 0
16126 0
16127 0
16128 0
16129 0
16130 0
16131 0
16132 0
16133 0
16134 0
16135 0
16136 0
16137 0
16138 0
16139 0
16140 0
16141 0
16142 0
16143 0
16144 0
16145 0
16146 0
16147 0
16148 0
16149 0
16150 0
16151 0
16152 0
16153 0
16154 0
16155 0
16156 0
16117 0
16118 0
16119 0
16120 0
16121 0
16122 0
16123 0
16124 0
21476 0
21477 0
21478 0
21479 0
21480 0
21481 0
21482 0
21483 0
21380 0
21381 0
21382 0
21383 0
21384 0
21385 0
21386 0
21387 0
21388 0
21389 0
21390 0
21391 0
21392 0
21393 0
21394 0
21395 0
21396 0
21397 0
21398 0
21399 0
21400 0
21401 0
21402 0
21403 0
21404 0
21405 0
21406 0
21407 0
21408 0
21409 0
21410 0
21411 0
16831 0
16832 0
16833 0
16834 0
16835 0
16836 0
16837 0
16838 0
20580 0
20581 0
20582 0
20583 0
20584 0
20585 0
20586 0
20587 0
20588 0
20589 0
20590 0
20591 0
20592 0
20593 0
20594 0
20595 0
20596 0
20597 0
20598 0
20599 0
20600 0
20601 0
20602 0
20603 0
20604 0
20605 0
20606 0
20607 0
20608 0
20609 0
20610 0
20611 0
20442 0
20443 0
20444 0
20445 0
20446 0
20447 0
20448 0
20449 0
16157 0
16158 0
16159 0
16160 0
16161 0
16162 0
16163 0
16164 0
16165 0
16166 0
16167 0
16168 0
16169 0
16170 0
16171 0
16172 0
16173 0
16174 0
16175 0
16176 0
16177 0
16178 0
16179 0
16180 0
16181 0
16182 0
16183 0
16184 0
16185 0
16186 0
16187 0
16188 0
16125 0
16126 0
16127 0
16128 0
16129 0
16130 0
16131 0
16132 0
16133 0
16134 0
16135 0
16136 0
16137 0
16138 0
16139 0
16140 0
16141 0
16142 0
16143 0
16144 0
16145 0
16146 0
16147 0
16148 0
16149 0
16150 0
16151 0
16152 0
16153 0
16154 0
16155 0
16156 0
16117 0
16118 0
16119 0
16120 0
16121 0
16122 0
16123 0
16124 0
19537 0
19538 0
19539 0
19540 0
19541 0
19542 0
19543 0
19544 0
19441 0
19442 0
19443 0
19444 0
19445 0
19446 0
19447 0
19448 0
19449 0
19450 0
19451 0
19452 0
19453 0
19454 0
19455 0
19456 0
19457 0
19458 0
19459 0
19460 0
19461 0
19462 0
19463 0
19464 0
19465 0
19466 0
19467 0
19468 0
19469 0
19470 0
19471 0
19472 0
16831 0
16832 0
16833 0
16834 0
16835 0
16836 0
16837 0
16838 0
18385 0
18386 0
18387 0
18388 0
18389 0
18390 0
18391 0
18392 0
18393 0
18394 0
18395 0
18396 0
18397 0
18398 0
18399 0
18400 0
18401 0
18402 0
18403 0
18404 0
18405 0
18406 0
18407 0
18408 0
18409 0
18410 0
18411 0
18412 0
18413 0
18414 0
18415 0
18416 0
18248 0
18249 0
18250 0
18251 0
18252 0
18253 0
18254 0
18255 0
16157 0
16158 0
16159 0
16160 0
16161 0
16162 0
16163 0
16164 0
16165 0
16166 0
16167 0
16168 0
16169 0
16170 0
16171 0
16172 0
16173 0
16174 0
16175 0
16176 0
16177 0
16178 0
16179 0
16180 0
16181 0
16182 0
16183 0
16184 0
16185 0
16186 0
16187 0
16188 0
16157 0
16158 0
16159 0
16160 0
16161 0
16162 0
16163 0
16164 0
16165 0
16166 0
16167 0
16168 0
16169 0
16170 0
16171 0
16172 0
16173 0
16174 0
16175 0
16176 0
16177 0
16178 0
16179 0
16180 0
16181 0
16182 0
16183 0
16184 0
16185 0
16186 0
16187 0
16188 0
16125 0
16126 0
16127 0
16128 0
16129 0
16130 0
16131 0
16132 0
16133 0
16134 0
16135 0
16136 0
16137 0
16138 0
16139 0
16140 0
16141 0
16142 0
16143 0
16144 0
16145 0
16146 0
16147 0
16148 0
16149 0
16150 0
16151 0
16152 0
16153 0
16154 0
16155 0
16156 0
16117 0
16118 0
16119 0
16120 0
16121 0
16122 0
16123 0
16124 0
14028 0
14029 0
14030 0
14031 0
14032 0
14033 0
14034 0
14035 0
14036 0
14037 0
14038 0
14039 0
14040 0
14041 0
14042 0
14043 0
14044 0
14045 0
14046 0
14047 0
14048 0
14049 0
14050 0
14051 0
14052 0
14053 0
14054 0
14055 0
14056 0
14057 0
14058 0
14059 0
13996 0
13997 0
13998 0
13999 0
14000 0
14001 0
14002 0
14003 0
14004 0
14005 0
14006 0
14007 0
14008 0
14009 0
14010 0
14011 0
14012 0
14013 0
14014 0
14015 0
14016 0
14017 0
14018 0
14019 0
14020 0
14021 0
14022 0
14023 0
14024 0
14025 0
14026 0
14027 0
13988 0
13989 0
13990 0
13991 0
13992 0
13993 0
13994 0
13995 0
2976 0
-2977 0
-2978 0
-2979 0
-2980 0
-2981 0
-2982 0
-2983 0
16117 0
16118 0
16119 0
16120 0
16121 0
16122 0
16123 0
16124 0
16831 0
16832 0
16833 0
16834 0
16835 0
16836 0
16837 0
16838 0
-10545 0
-10546 0
-10547 0
-10548 0
-10549 0
-10550 0
-10551 0
-10552 0
16125 0
16126 0
16127 0
16128 0
16129 0
16130 0
16131 0
16132 0
16133 0
16134 0
16135 0
16136 0
16137 0
16138 0
16139 0
16140 0
16141 0
16142 0
16143 0
16144 0
16145 0
16146 0
16147 0
16148 0
16149 0
16150 0
16151 0
16152 0
16153 0
16154 0
16155 0
16156 0
-8809 0
-8810 0
-8811 0
-8812 0
-8813 0
-8814 0
-8815 0
-8816 0
-8817 0
-8818 0
-8819 0
-8820 0
-8821 0
-8822 0
-8823 0
-8824 0
-8825 0
-8826 0
-8827 0
-8828 0
-8829 0
-8830 0
-8831 0
-8832 0
-8833 0
-8834 0
-8835 0
-8836 0
-8837 0
-8838 0
-8839 0
-8840 0
274 0
275 0
276 0
277 0
278 0
279 0
280 0
281 0
-10443 0
-10444 0
-10445 0
-10446 0
-10447 0
-10448 0
-10449 0
-10450 0
-10451 0
-10452 0
-10453 0
-10454 0
-10455 0
-10456 0
-10457 0
-10458 0
-10459 0
-10460 0
-10461 0
-10462 0
-10463 0
-10464 0
-10465 0
-10466 0
-10467 0
-10468 0
-10469 0
-10470 0
-10471 0
-10472 0
-10473 0
-10474 0
12077 0
12078 0
12079 0
12080 0
12081 0
12082 0
12083 0
12084 0
12085 0
12086 0
12087 0
12088 0
12089 0
12090 0
12091 0
12092 0
12093 0
12094 0
12095 0
12096 0
12097 0
12098 0
12099 0
12100 0
12101 0
12102 0
12103 0
12104 0
12105 0
12106 0
12107 0
12108 0
12109 0
12110 0
12111 0
12112 0
12113 0
12114 0
12115 0
12116 0
12117 0
12118 0
12119 0
12120 0
12121 0
12122 0
12123 0
12124 0
12125 0
12126 0
12127 0
12128 0
12129 0
12130 0
12131 0
12132 0
12133 0
12134 0
12135 0
12136 0
12137 0
12138 0
12139 0
12140 0
12141 0
12142 0
12143 0
12144 0
12145 0
12146 0
12147 0
12148 0
12117 0
12118 0
12119 0
12120 0
12121 0
12122 0
12123 0
12124 0
12125 0
12126 0
12127 0
12128 0
12129 0
12130 0
12131 0
12132 0
12133 0
12134 0
12135 0
12136 0
12137 0
12138 0
12139 0
12140 0
12141 0
12142 0
12143 0
12144 0
12145 0
12146 0
12147 0
12148 0
12757 0
12758 0
12759 0
12760 0
12761 0
12762 0
12763 0
12764 0
-3496 0
-3497 0
-3498 0
-3499 0
-3500 0
-3501 0
-3502 0
-3503 0
-3504 0
-3505 0
-3506 0
-3507 0
-3508 0
-3509 0
-3510 0
-3511 0
-3512 0
-3513 0
-3514 0
-3515 0
-3516 0
-3517 0
-3518 0
-3519 0
-3520 0
-3521 0
-3522 0
-3523 0
-3524 0
-3525 0
-3526 0
-3527 0
3597 0
3598 0
3599 0
3600 0
3601 0
3602 0
3603 0
3604 0
5129 0
-5130 0
-5131 0
-5132 0
-5133 0
-5134 0
-5135 0
-5136 0
-5137 0
-5138 0
-5139 0
-5140 0
-5141 0
-5142 0
-5143 0
-5144 0
-5145 0
-5146 0
-5147 0
-5148 0
-5149 0
-5150 0
-5151 0
-5152 0
-5153 0
-5154 0
-5155 0
-5156 0
-5157 0
-5158 0
-5159 0
-5160 0
5230 0
5231 0
5232 0
5233 0
5234 0
5235 0
5236 0
5237 0
6858 0
6859 0
6860 0
6861 0
6862 0
6863 0
6864 0
6865 0
6858 0
6859 0
6860 0
6861 0
6862 0
6863 0
6864 0
6865 0
7122 0
7123 0
7124 0
7125 0
7126 0
7127 0
7128 0
7129 0
7130 0
7131 0
7132 0
7133 0
7134 0
7135 0
7136 0
7137 0
7138 0
7139 0
7140 0
7141 0
7142 0
7143 0
7144 0
7145 0
7146 0
7147 0
7148 0
7149 0
7150 0
7151 0
7152 0
7153 0
7122 0
7123 0
7124 0
7125 0
7126 0
7127 0
7128 0
7129 0
7130 0
7131 0
7132 0
7133 0
7134 0
7135 0
7136 0
7137 0
7138 0
7139 0
7140 0
7141 0
7142 0
7143 0
7144 0
7145 0
7146 0
7147 0
7148 0
7149 0
7150 0
7151 0
7152 0
7153 0
7282 0
7283 0
7284 0
7285 0
7286 0
7287 0
7288 0
7289 0
7282 0
7283 0
7284 0
7285 0
7286 0
7287 0
7288 0
7289 0
8122 0
8123 0
8124 0
8125 0
8126 0
8127 0
8128 0
8129 0
8130 0
8131 0
8132 0
8133 0
8134 0
8135 0
8136 0
8137 0
8138 0
8139 0
8140 0
8141 0
8142 0
8143 0
8144 0
8145 0
8146 0
8147 0
8148 0
8149 0
8150 0
8151 0
8152 0
8153 0
8122 0
8123 0
8124 0
8125 0
8126 0
8127 0
8128 0
8129 0
8130 0
8131 0
8132 0
8133 0
8134 0
8135 0
8136 0
8137 0
8138 0
8139 0
8140 0
8141 0
8142 0
8143 0
8144 0
8145 0
8146 0
8147 0
8148 0
8149 0
8150 0
8151 0
8152 0
8153 0
-8289 0
-8290 0
-8291 0
-8292 0
-8293 0
-8294 0
-8295 0
-8296 0
8911 0
8912 0
8913 0
8914 0
8915 0
8916 0
8917 0
8918 0
12077 0
12078 0
12079 0
12080 0
12081 0
12082 0
12083 0
12084 0
12085 0
12086 0
12087 0
12088 0
12089 0
12090 0
12091 0
12092 0
12093 0
12094 0
12095 0
12096 0
12097 0
12098 0
12099 0
12100 0
12101 0
12102 0
12103 0
12104 0
12105 0
12106 0
12107 0
12108 0
12109 0
12110 0
12111 0
12112 0
12113 0
12114 0
12115 0
12116 0
12757 0
12758 0
12759 0
12760 0
12761 0
12762 0
12763 0
12764 0
15341 0
15342 0
15343 0
15344 0
15345 0
15346 0
15347 0
15348 0
