15450 0
15451 0
15452 0
15453 0
15454 0
15455 0
15456 0
15457 0
15458 0
15459 0
15460 0
15461 0
15462 0
15463 0
15464 0
15465 0
15466 0
15467 0
15468 0
15469 0
15470 0
15471 0
15472 0
15473 0
15474 0
15475 0
15476 0
15477 0
15478 0
15479 0
15480 0
15481 0
15186 0
15187 0
15188 0
15189 0
15190 0
15191 0
15192 0
15193 0
13962 0
13963 0
13964 0
13965 0
13966 0
13967 0
13968 0
13969 0
5824 0
-5825 0
-5826 0
-5827 0
-5828 0
-5829 0
-5830 0
-5831 0
28421 0
28422 0
28423 0
28424 0
28425 0
28426 0
28427 0
28428 0
31830 0
31831 0
31832 0
31833 0
31834 0
31835 0
31836 0
31837 0
40250 0
40251 0
40252 0
40253 0
40254 0
40255 0
40256 0
40257 0
41580 0
41581 0
41582 0
41583 0
41584 0
41585 0
41586 0
41587 0
41588 0
41589 0
41590 0
41591 0
41592 0
41593 0
41594 0
41595 0
41596 0
41597 0
41598 0
41599 0
41600 0
41601 0
41602 0
41603 0
41604 0
41605 0
41606 0
41607 0
41608 0
41609 0
41610 0
41611 0
40706 0
40707 0
40708 0
40709 0
40710 0
40711 0
40712 0
40713 0
466 0
467 0
468 0
469 0
470 0
471 0
472 0
473 0
30357 0
30358 0
30359 0
30360 0
30361 0
30362 0
30363 0
30364 0
30365 0
30366 0
30367 0
30368 0
30369 0
30370 0
30371 0
30372 0
30373 0
30374 0
30375 0
30376 0
30377 0
30378 0
30379 0
30380 0
30381 0
30382 0
30383 0
30384 0
30385 0
30386 0
30387 0
30388 0
41580 0
41581 0
41582 0
41583 0
41584 0
41585 0
41586 0
41587 0
41588 0
41589 0
41590 0
41591 0
41592 0
41593 0
41594 0
41595 0
41596 0
41597 0
41598 0
41599 0
41600 0
41601 0
41602 0
41603 0
41604 0
41605 0
41606 0
41607 0
41608 0
41609 0
41610 0
41611 0
31221 0
31222 0
31223 0
31224 0
31225 0
31226 0
31227 0
31228 0
31229 0
31230 0
31231 0
31232 0
31233 0
31234 0
31235 0
31236 0
31237 0
31238 0
31239 0
31240 0
31241 0
31242 0
31243 0
31244 0
31245 0
31246 0
31247 0
31248 0
31249 0
31250 0
31251 0
31252 0
31830 0
31831 0
31832 0
31833 0
31834 0
31835 0
31836 0
31837 0
-16777 0
-16778 0
-16779 0
-16780 0
-16781 0
-16782 0
-16783 0
-16784 0
-16785 0
-16786 0
-16787 0
-16788 0
-16789 0
-16790 0
-16791 0
-16792 0
-16793 0
-16794 0
-16795 0
-16796 0
-16797 0
-16798 0
-16799 0
-16800 0
-16801 0
-16802 0
-16803 0
-16804 0
-16805 0
-16806 0
-16807 0
-16808 0
31221 0
31222 0
31223 0
31224 0
31225 0
31226 0
31227 0
31228 0
31229 0
31230 0
31231 0
31232 0
31233 0
31234 0
31235 0
31236 0
31237 0
31238 0
31239 0
31240 0
31241 0
31242 0
31243 0
31244 0
31245 0
31246 0
31247 0
31248 0
31249 0
31250 0
31251 0
31252 0
22989 0
22990 0
22991 0
22992 0
22993 0
22994 0
22995 0
22996 0
22997 0
22998 0
22999 0
23000 0
23001 0
23002 0
23003 0
23004 0
23005 0
23006 0
23007 0
23008 0
23009 0
23010 0
23011 0
23012 0
23013 0
23014 0
23015 0
23016 0
23017 0
23018 0
23019 0
23020 0
24173 0
24174 0
24175 0
24176 0
24177 0
24178 0
24179 0
24180 0
24181 0
24182 0
24183 0
24184 0
24185 0
24186 0
24187 0
24188 0
24189 0
24190 0
24191 0
24192 0
24193 0
24194 0
24195 0
24196 0
24197 0
24198 0
24199 0
24200 0
24201 0
24202 0
24203 0
24204 0
24653 0
24654 0
24655 0
24656 0
24657 0
24658 0
24659 0
24660 0
31830 0
31831 0
31832 0
31833 0
31834 0
31835 0
31836 0
31837 0
31221 0
31222 0
31223 0
31224 0
31225 0
31226 0
31227 0
31228 0
31229 0
31230 0
31231 0
31232 0
31233 0
31234 0
31235 0
31236 0
31237 0
31238 0
31239 0
31240 0
31241 0
31242 0
31243 0
31244 0
31245 0
31246 0
31247 0
31248 0
31249 0
31250 0
31251 0
31252 0
32607 0
32608 0
32609 0
32610 0
32611 0
32612 0
32613 0
32614 0
41548 0
41549 0
41550 0
41551 0
41552 0
41553 0
41554 0
41555 0
41556 0
41557 0
41558 0
41559 0
41560 0
41561 0
41562 0
41563 0
41564 0
41565 0
41566 0
41567 0
41568 0
41569 0
41570 0
41571 0
41572 0
41573 0
41574 0
41575 0
41576 0
41577 0
41578 0
41579 0
-6856 0
-6857 0
-6858 0
-6859 0
-6860 0
-6861 0
-6862 0
-6863 0
-6864 0
-6865 0
-6866 0
-6867 0
-6868 0
-6869 0
-6870 0
-6871 0
-6872 0
-6873 0
-6874 0
-6875 0
-6876 0
-6877 0
-6878 0
-6879 0
-6880 0
-6881 0
-6882 0
-6883 0
-6884 0
-6885 0
-6886 0
-6887 0
9833 0
-9834 0
-9835 0
-9836 0
-9837 0
-9838 0
-9839 0
-9840 0
-9841 0
-9842 0
-9843 0
-9844 0
-9845 0
-9846 0
-9847 0
-9848 0
-9849 0
-9850 0
-9851 0
-9852 0
-9853 0
-9854 0
-9855 0
-9856 0
-9857 0
-9858 0
-9859 0
-9860 0
-9861 0
-9862 0
-9863 0
-9864 0
6957 0
6958 0
6959 0
6960 0
6961 0
6962 0
6963 0
6964 0
9934 0
9935 0
9936 0
9937 0
9938 0
9939 0
9940 0
9941 0
13962 0
13963 0
13964 0
13965 0
13966 0
13967 0
13968 0
13969 0
15186 0
15187 0
15188 0
15189 0
15190 0
15191 0
15192 0
15193 0
15450 0
15451 0
15452 0
15453 0
15454 0
15455 0
15456 0
15457 0
15458 0
15459 0
15460 0
15461 0
15462 0
15463 0
15464 0
15465 0
15466 0
15467 0
15468 0
15469 0
15470 0
15471 0
15472 0
15473 0
15474 0
15475 0
15476 0
15477 0
15478 0
15479 0
15480 0
15481 0
15482 0
15483 0
15484 0
15485 0
15486 0
15487 0
15488 0
15489 0
15490 0
15491 0
15492 0
15493 0
15494 0
15495 0
15496 0
15497 0
15498 0
15499 0
15500 0
15501 0
15502 0
15503 0
15504 0
15505 0
15506 0
15507 0
15508 0
15509 0
15510 0
15511 0
15512 0
15513 0
15482 0
15483 0
15484 0
15485 0
15486 0
15487 0
15488 0
15489 0
15490 0
15491 0
15492 0
15493 0
15494 0
15495 0
15496 0
15497 0
15498 0
15499 0
15500 0
15501 0
15502 0
15503 0
15504 0
15505 0
15506 0
15507 0
15508 0
15509 0
15510 0
15511 0
15512 0
15513 0
30357 0
30358 0
30359 0
30360 0
30361 0
30362 0
30363 0
30364 0
30365 0
30366 0
30367 0
30368 0
30369 0
30370 0
30371 0
30372 0
30373 0
30374 0
30375 0
30376 0
30377 0
30378 0
30379 0
30380 0
30381 0
30382 0
30383 0
30384 0
30385 0
30386 0
30387 0
30388 0
32607 0
32608 0
32609 0
32610 0
32611 0
32612 0
32613 0
32614 0
36200 0
36201 0
36202 0
36203 0
36204 0
36205 0
36206 0
36207 0
36848 0
36849 0
36850 0
36851 0
36852 0
36853 0
36854 0
36855 0
37785 0
37786 0
37787 0
37788 0
37789 0
37790 0
37791 0
37792 0
37793 0
37794 0
37795 0
37796 0
37797 0
37798 0
37799 0
37800 0
37801 0
37802 0
37803 0
37804 0
37805 0
37806 0
37807 0
37808 0
37809 0
37810 0
37811 0
37812 0
37813 0
37814 0
37815 0
37816 0
40706 0
40707 0
40708 0
40709 0
40710 0
40711 0
40712 0
40713 0
41548 0
41549 0
41550 0
41551 0
41552 0
41553 0
41554 0
41555 0
41556 0
41557 0
41558 0
41559 0
41560 0
41561 0
41562 0
41563 0
41564 0
41565 0
41566 0
41567 0
41568 0
41569 0
41570 0
41571 0
41572 0
41573 0
41574 0
41575 0
41576 0
41577 0
41578 0
41579 0
41580 0
41581 0
41582 0
41583 0
41584 0
41585 0
41586 0
41587 0
41588 0
41589 0
41590 0
41591 0
41592 0
41593 0
41594 0
41595 0
41596 0
41597 0
41598 0
41599 0
41600 0
41601 0
41602 0
41603 0
41604 0
41605 0
41606 0
41607 0
41608 0
41609 0
41610 0
41611 0
32607 0
32608 0
32609 0
32610 0
32611 0
32612 0
32613 0
32614 0
30357 0
30358 0
30359 0
30360 0
30361 0
30362 0
30363 0
30364 0
30365 0
30366 0
30367 0
30368 0
30369 0
30370 0
30371 0
30372 0
30373 0
30374 0
30375 0
30376 0
30377 0
30378 0
30379 0
30380 0
30381 0
30382 0
30383 0
30384 0
30385 0
30386 0
30387 0
30388 0
31221 0
31222 0
31223 0
31224 0
31225 0
31226 0
31227 0
31228 0
31229 0
31230 0
31231 0
31232 0
31233 0
31234 0
31235 0
31236 0
31237 0
31238 0
31239 0
31240 0
31241 0
31242 0
31243 0
31244 0
31245 0
31246 0
31247 0
31248 0
31249 0
31250 0
31251 0
31252 0
41580 0
41581 0
41582 0
41583 0
41584 0
41585 0
41586 0
41587 0
41588 0
41589 0
41590 0
41591 0
41592 0
41593 0
41594 0
41595 0
41596 0
41597 0
41598 0
41599 0
41600 0
41601 0
41602 0
41603 0
41604 0
41605 0
41606 0
41607 0
41608 0
41609 0
41610 0
41611 0
-15745 0
-15746 0
-15747 0
-15748 0
-15749 0
-15750 0
-15751 0
-15752 0
16879 0
16880 0
16881 0
16882 0
16883 0
16884 0
16885 0
16886 0
-19755 0
-19756 0
-19757 0
-19758 0
-19759 0
-19760 0
-19761 0
-19762 0
-19763 0
-19764 0
-19765 0
-19766 0
-19767 0
-19768 0
-19769 0
-19770 0
-19771 0
-19772 0
-19773 0
-19774 0
-19775 0
-19776 0
-19777 0
-19778 0
-19779 0
-19780 0
-19781 0
-19782 0
-19783 0
-19784 0
-19785 0
-19786 0
-19857 0
-19858 0
-19859 0
-19860 0
-19861 0
-19862 0
-19863 0
-19864 0
22989 0
22990 0
22991 0
22992 0
22993 0
22994 0
22995 0
22996 0
22997 0
22998 0
22999 0
23000 0
23001 0
23002 0
23003 0
23004 0
23005 0
23006 0
23007 0
23008 0
23009 0
23010 0
23011 0
23012 0
23013 0
23014 0
23015 0
23016 0
23017 0
23018 0
23019 0
23020 0
24173 0
24174 0
24175 0
24176 0
24177 0
24178 0
24179 0
24180 0
24181 0
24182 0
24183 0
24184 0
24185 0
24186 0
24187 0
24188 0
24189 0
24190 0
24191 0
24192 0
24193 0
24194 0
24195 0
24196 0
24197 0
24198 0
24199 0
24200 0
24201 0
24202 0
24203 0
24204 0
24653 0
24654 0
24655 0
24656 0
24657 0
24658 0
24659 0
24660 0
25173 0
25174 0
25175 0
25176 0
25177 0
25178 0
25179 0
25180 0
25173 0
25174 0
25175 0
25176 0
25177 0
25178 0
25179 0
25180 0
26180 0
26181 0
26182 0
26183 0
26184 0
26185 0
26186 0
26187 0
26188 0
26189 0
26190 0
26191 0
26192 0
26193 0
26194 0
26195 0
26196 0
26197 0
26198 0
26199 0
26200 0
26201 0
26202 0
26203 0
26204 0
26205 0
26206 0
26207 0
26208 0
26209 0
26210 0
26211 0
27172 0
27173 0
27174 0
27175 0
27176 0
27177 0
27178 0
27179 0
27180 0
27181 0
27182 0
27183 0
27184 0
27185 0
27186 0
27187 0
27188 0
27189 0
27190 0
27191 0
27192 0
27193 0
27194 0
27195 0
27196 0
27197 0
27198 0
27199 0
27200 0
27201 0
27202 0
27203 0
29709 0
29710 0
29711 0
29712 0
29713 0
29714 0
29715 0
29716 0
31221 0
31222 0
31223 0
31224 0
31225 0
31226 0
31227 0
31228 0
31229 0
31230 0
31231 0
31232 0
31233 0
31234 0
31235 0
31236 0
31237 0
31238 0
31239 0
31240 0
31241 0
31242 0
31243 0
31244 0
31245 0
31246 0
31247 0
31248 0
31249 0
31250 0
31251 0
31252 0
31830 0
31831 0
31832 0
31833 0
31834 0
31835 0
31836 0
31837 0
32607 0
32608 0
32609 0
32610 0
32611 0
32612 0
32613 0
32614 0
37753 0
37754 0
37755 0
37756 0
37757 0
37758 0
37759 0
37760 0
37761 0
37762 0
37763 0
37764 0
37765 0
37766 0
37767 0
37768 0
37769 0
37770 0
37771 0
37772 0
37773 0
37774 0
37775 0
37776 0
37777 0
37778 0
37779 0
37780 0
37781 0
37782 0
37783 0
37784 0
30357 0
30358 0
30359 0
30360 0
30361 0
30362 0
30363 0
30364 0
30365 0
30366 0
30367 0
30368 0
30369 0
30370 0
30371 0
30372 0
30373 0
30374 0
30375 0
30376 0
30377 0
30378 0
30379 0
30380 0
30381 0
30382 0
30383 0
30384 0
30385 0
30386 0
30387 0
30388 0
40250 0
40251 0
40252 0
40253 0
40254 0
40255 0
40256 0
40257 0
31830 0
31831 0
31832 0
31833 0
31834 0
31835 0
31836 0
31837 0
32607 0
32608 0
32609 0
32610 0
32611 0
32612 0
32613 0
32614 0
30357 0
30358 0
30359 0
30360 0
30361 0
30362 0
30363 0
30364 0
30365 0
30366 0
30367 0
30368 0
30369 0
30370 0
30371 0
30372 0
30373 0
30374 0
30375 0
30376 0
30377 0
30378 0
30379 0
30380 0
30381 0
30382 0
30383 0
30384 0
30385 0
30386 0
30387 0
30388 0
31221 0
31222 0
31223 0
31224 0
31225 0
31226 0
31227 0
31228 0
31229 0
31230 0
31231 0
31232 0
31233 0
31234 0
31235 0
31236 0
31237 0
31238 0
31239 0
31240 0
31241 0
31242 0
31243 0
31244 0
31245 0
31246 0
31247 0
31248 0
31249 0
31250 0
31251 0
31252 0
40250 0
40251 0
40252 0
40253 0
40254 0
40255 0
40256 0
40257 0
40706 0
40707 0
40708 0
40709 0
40710 0
40711 0
40712 0
40713 0
32607 0
32608 0
32609 0
32610 0
32611 0
32612 0
32613 0
32614 0
41548 0
41549 0
41550 0
41551 0
41552 0
41553 0
41554 0
41555 0
41556 0
41557 0
41558 0
41559 0
41560 0
41561 0
41562 0
41563 0
41564 0
41565 0
41566 0
41567 0
41568 0
41569 0
41570 0
41571 0
41572 0
41573 0
41574 0
41575 0
41576 0
41577 0
41578 0
41579 0
30357 0
30358 0
30359 0
30360 0
30361 0
30362 0
30363 0
30364 0
30365 0
30366 0
30367 0
30368 0
30369 0
30370 0
30371 0
30372 0
30373 0
30374 0
30375 0
30376 0
30377 0
30378 0
30379 0
30380 0
30381 0
30382 0
30383 0
30384 0
30385 0
30386 0
30387 0
30388 0
40250 0
40251 0
40252 0
40253 0
40254 0
40255 0
40256 0
40257 0
31830 0
31831 0
31832 0
31833 0
31834 0
31835 0
31836 0
31837 0
41548 0
41549 0
41550 0
41551 0
41552 0
41553 0
41554 0
41555 0
41556 0
41557 0
41558 0
41559 0
41560 0
41561 0
41562 0
41563 0
41564 0
41565 0
41566 0
41567 0
41568 0
41569 0
41570 0
41571 0
41572 0
41573 0
41574 0
41575 0
41576 0
41577 0
41578 0
41579 0
40706 0
40707 0
40708 0
40709 0
40710 0
40711 0
40712 0
40713 0
